[gd_scene load_steps=7 format=3 uid="uid://btemcmsq4327x"]

[ext_resource type="Texture2D" uid="uid://crxpuscjbqbdg" path="res://tower_defense/TestMess/696.jpg" id="1_6fqft"]
[ext_resource type="Script" path="res://tower_defense/TestMess/Camera3D.gd" id="3_1dkvu"]
[ext_resource type="PackedScene" uid="uid://bppp857a03enn" path="res://tower_defense/TestMess/tower_spot.tscn" id="3_mc5oo"]
[ext_resource type="PackedScene" uid="uid://4rykr2rec2e" path="res://tower_defense/assets/Models/GLB format/flag.glb" id="3_nexif"]
[ext_resource type="Script" path="res://tower_defense/TestMess/camera/CharacterBody3D.gd" id="4_w875a"]

[sub_resource type="StandardMaterial3D" id="StandardMaterial3D_qdbts"]
albedo_texture = ExtResource("1_6fqft")
uv1_scale = Vector3(8, 8, 8)
uv1_triplanar = true

[node name="TestZone" type="Node3D"]
transform = Transform3D(1, 0, 0, 0, 1, 0, 0, 0, 1, 0.0105546, -1.19209e-07, -0.0420141)

[node name="CSGBox3D" type="CSGBox3D" parent="."]
transform = Transform3D(0.707107, 0, 0.707107, 0, 1, 0, -0.707107, 0, 0.707107, 0, 0, 0)
material_override = SubResource("StandardMaterial3D_qdbts")
use_collision = true
size = Vector3(35, 1, 35)

[node name="DirectionalLight3D" type="DirectionalLight3D" parent="."]
transform = Transform3D(1, 0, 0, 0, 1.19249e-08, 1, 0, -1, 1.19249e-08, 2.9758, 80.1626, -0.388929)

[node name="TowerSpot" parent="." instance=ExtResource("3_mc5oo")]
transform = Transform3D(8, 0, 0, 0, 8, 0, 0, 0, 8, 0, 0, 0)

[node name="flag2" parent="." instance=ExtResource("3_nexif")]
transform = Transform3D(0.707107, 0, 0.707107, 0, 1, 0, -0.707107, 0, 0.707107, 0, 0.523, -20)

[node name="Camera" type="CharacterBody3D" parent="."]
script = ExtResource("4_w875a")

[node name="Camera3D" type="Camera3D" parent="Camera"]
transform = Transform3D(1, 0, 0, 0, 0.707107, 0.707107, 0, -0.707107, 0.707107, 0, 30, 30)
rotation_order = 3
fov = 60.0
script = ExtResource("3_1dkvu")
